>> bashuma
success!!

ans =

     7     5     3
     1     6     4
     2     8     0


ans =

     7     5     3
     1     6     4
     2     0     8


ans =

     7     5     3
     1     0     4
     2     6     8


ans =

     7     0     3
     1     5     4
     2     6     8


ans =

     0     7     3
     1     5     4
     2     6     8


ans =

     1     7     3
     0     5     4
     2     6     8


ans =

     1     7     3
     2     5     4
     0     6     8


ans =

     1     7     3
     2     5     4
     6     0     8


ans =

     1     7     3
     2     0     4
     6     5     8


ans =

     1     7     3
     0     2     4
     6     5     8


ans =

     0     7     3
     1     2     4
     6     5     8


ans =

     7     0     3
     1     2     4
     6     5     8


ans =

     7     2     3
     1     0     4
     6     5     8


ans =

     7     2     3
     0     1     4
     6     5     8


ans =

     0     2     3
     7     1     4
     6     5     8


ans =

     2     0     3
     7     1     4
     6     5     8


ans =

     2     1     3
     7     0     4
     6     5     8


ans =

     2     1     3
     7     4     0
     6     5     8


ans =

     2     1     3
     7     4     8
     6     5     0


ans =

     2     1     3
     7     4     8
     6     0     5


ans =

     2     1     3
     7     4     8
     0     6     5


ans =

     2     1     3
     0     4     8
     7     6     5


ans =

     0     1     3
     2     4     8
     7     6     5


ans =

     1     0     3
     2     4     8
     7     6     5


ans =

     1     4     3
     2     0     8
     7     6     5


ans =

     1     4     3
     2     8     0
     7     6     5


ans =

     1     4     0
     2     8     3
     7     6     5


ans =

     1     0     4
     2     8     3
     7     6     5


ans =

     0     1     4
     2     8     3
     7     6     5


ans =

     2     1     4
     0     8     3
     7     6     5


ans =

     2     1     4
     8     0     3
     7     6     5


ans =

     2     1     4
     8     3     0
     7     6     5


ans =

     2     1     0
     8     3     4
     7     6     5


ans =

     2     0     1
     8     3     4
     7     6     5


ans =

     2     3     1
     8     0     4
     7     6     5


ans =

     2     3     1
     8     4     0
     7     6     5


ans =

     2     3     0
     8     4     1
     7     6     5


ans =

     2     0     3
     8     4     1
     7     6     5


ans =

     0     2     3
     8     4     1
     7     6     5


ans =

     8     2     3
     0     4     1
     7     6     5


ans =

     8     2     3
     4     0     1
     7     6     5


ans =

     8     2     3
     4     1     0
     7     6     5


ans =

     8     2     0
     4     1     3
     7     6     5


ans =

     8     0     2
     4     1     3
     7     6     5


ans =

     8     1     2
     4     0     3
     7     6     5


ans =

     8     1     2
     0     4     3
     7     6     5


ans =

     0     1     2
     8     4     3
     7     6     5


ans =

     1     0     2
     8     4     3
     7     6     5


ans =

     1     2     0
     8     4     3
     7     6     5


ans =

     1     2     3
     8     4     0
     7     6     5


ans =

     1     2     3
     8     0     4
     7     6     5

>> 